{
 "cells": [
  {
   "cell_type": "code",
   "execution_count": 24,
   "id": "6ac0f01d",
   "metadata": {},
   "outputs": [],
   "source": [
    "using LinearAlgebra\n",
    "using DynamicPolynomials\n",
    "using SumOfSquares\n",
    "using MosekTools\n",
    "using JuMP\n",
    "\n",
    "using ppt2\n",
    "\n",
    "include(\"utils.jl\")\n",
    "using .Utils"
   ]
  },
  {
   "cell_type": "code",
   "execution_count": 25,
   "id": "b554cd49",
   "metadata": {},
   "outputs": [
    {
     "data": {
      "text/plain": [
       "mprint (generic function with 1 method)"
      ]
     },
     "metadata": {},
     "output_type": "display_data"
    }
   ],
   "source": [
    "function mprint(x)\n",
    "    show(stdout, MIME\"text/plain\"(), x)\n",
    "end"
   ]
  },
  {
   "cell_type": "code",
   "execution_count": 37,
   "id": "167650fb",
   "metadata": {},
   "outputs": [],
   "source": [
    "# positivity test for generated forms\n",
    "\n",
    "d = 3\n",
    "del, v, V = gen_pncp(d, d)\n",
    "\n",
    "form = del * v + 10 * vec(V * V')\n",
    "\n",
    "Q = vec(poly2mat(form, d, d))\n",
    "\n",
    "for _ in 1:1000000\n",
    "    x = randn(d)\n",
    "    y = randn(d)\n",
    "    z = kron(x, y)\n",
    "\n",
    "    eval = Q' * kron(z, z)\n",
    "    if eval < -1e-8\n",
    "        println(\"Found a negative value: \", eval)\n",
    "        break\n",
    "    end\n",
    "end"
   ]
  },
  {
   "cell_type": "code",
   "execution_count": 39,
   "id": "cd79b8b1",
   "metadata": {},
   "outputs": [],
   "source": [
    "# Copied from MATLAB\n",
    "\n",
    "v = [\n",
    "   -0.5060\n",
    "    0.3052\n",
    "   -0.8745\n",
    "    1.1055\n",
    "    0.0918\n",
    "    0.2058\n",
    "    0.0783\n",
    "    0.0963\n",
    "   -1.8706\n",
    "    0.3052\n",
    "    0.6757\n",
    "   -0.2828\n",
    "    0.2664\n",
    "   -1.4281\n",
    "    1.6131\n",
    "    1.3889\n",
    "   -0.4919\n",
    "   -1.5970\n",
    "   -0.8745\n",
    "   -0.2828\n",
    "    0.4998\n",
    "   -1.7145\n",
    "    0.6318\n",
    "   -0.5592\n",
    "    0.4722\n",
    "    1.3449\n",
    "    0.7394\n",
    "    1.1055\n",
    "    0.2664\n",
    "   -1.7145\n",
    "   -2.3953\n",
    "   -0.6455\n",
    "    0.1190\n",
    "   -0.0082\n",
    "   -1.6380\n",
    "    1.0777\n",
    "    0.0918\n",
    "   -1.4281\n",
    "    0.6318\n",
    "   -0.6455\n",
    "    1.5746\n",
    "   -1.8027\n",
    "   -0.0464\n",
    "    0.7299\n",
    "   -2.3220\n",
    "    0.2058\n",
    "    1.6131\n",
    "   -0.5592\n",
    "    0.1190\n",
    "   -1.8027\n",
    "    1.4639\n",
    "   -1.7870\n",
    "    1.5577\n",
    "    0.1464\n",
    "    0.0783\n",
    "    1.3889\n",
    "    0.4722\n",
    "   -0.0082\n",
    "   -0.0464\n",
    "   -1.7870\n",
    "   -0.1932\n",
    "    1.1561\n",
    "   -1.2673\n",
    "    0.0963\n",
    "   -0.4919\n",
    "    1.3449\n",
    "   -1.6380\n",
    "    0.7299\n",
    "    1.5577\n",
    "    1.1561\n",
    "   -1.1793\n",
    "    0.4079\n",
    "   -1.8706\n",
    "   -1.5970\n",
    "    0.7394\n",
    "    1.0777\n",
    "   -2.3220\n",
    "    0.1464\n",
    "   -1.2673\n",
    "    0.4079\n",
    "   -0.2600\n",
    "];\n",
    "\n",
    "V = [\n",
    "   -0.5511    1.5360   -1.1597    1.1090\n",
    "   -0.7599   -0.7417    0.3097    0.2356\n",
    "    1.8175   -0.3787    1.3324   -1.3714\n",
    "    2.5811   -2.0486    3.1058    0.7221\n",
    "   -2.3082    1.0346   -0.4188   -2.1686\n",
    "    0.2470   -2.2139    1.9240    1.0432\n",
    "   -1.9265    0.3228   -0.8258    1.2775\n",
    "    1.0580    0.0157    1.2487   -0.8869\n",
    "   -1.3906   -1.2938    0.1407    0.3199\n",
    "];\n",
    "\n",
    "state = (1/3)*[\n",
    "    1 0 0 0 1 0 0 0 1\n",
    "    0 0 0 0 0 0 0 0 0\n",
    "    0 0 0 0 0 0 0 0 0\n",
    "    0 0 0 0 0 0 0 0 0\n",
    "    1 0 0 0 1 0 0 0 1\n",
    "    0 0 0 0 0 0 0 0 0\n",
    "    0 0 0 0 0 0 0 0 0\n",
    "    0 0 0 0 0 0 0 0 0\n",
    "    1 0 0 0 1 0 0 0 1\n",
    "];"
   ]
  },
  {
   "cell_type": "code",
   "execution_count": 49,
   "id": "77f83194",
   "metadata": {},
   "outputs": [
    {
     "name": "stdout",
     "output_type": "stream",
     "text": [
      "9×9 Matrix{Float64}:\n",
      "  4.73179   -0.513149  -5.52387   -6.26458     0.995081   1.24755   4.01024   -0.117841  -4.45182\n",
      " -0.513149   1.95469   -1.29349    0.995081   -1.08209    1.18497  -0.117841  -1.12975    3.3401\n",
      " -5.52387   -1.29349    7.60255    1.24755     1.18497    1.86102  -4.45182    3.3401    -1.5493\n",
      " -6.26458    0.995081   1.24755   18.631     -11.5893    12.0208   -7.28426    3.3041    -1.21338\n",
      "  0.995081  -1.08209    1.18497  -11.5893     12.851     -7.73138   3.3041    -0.295557   1.02905\n",
      "  1.24755    1.18497    1.86102   12.0208     -7.73138   11.2163   -1.21338    1.02905    3.27169\n",
      "  4.01024   -0.117841  -4.45182   -7.28426     3.3041    -1.21338   5.93635   -3.04126    1.28653\n",
      " -0.117841  -1.12975    3.3401     3.3041     -0.295557   1.02905  -3.04126    2.28615   -1.19169\n",
      " -4.45182    3.3401    -1.5493    -1.21338     1.02905    3.27169   1.28653   -1.19169    3.46982"
     ]
    }
   ],
   "source": [
    "form = v + vec(V * V')\n",
    "M = poly2mat(form, 3, 3)\n",
    "mprint(M)"
   ]
  },
  {
   "cell_type": "code",
   "execution_count": 51,
   "id": "206e1284",
   "metadata": {},
   "outputs": [
    {
     "name": "stdout",
     "output_type": "stream",
     "text": [
      "9×9 Matrix{Float64}:\n",
      "  1.57726    -0.17105    -1.84129   -2.08819    0.331694    0.415851   1.33675    -0.0392805  -1.48394\n",
      " -0.17105     0.651563   -0.431165   0.331694  -0.360695    0.394991  -0.0392805  -0.376583    1.11337\n",
      " -1.84129    -0.431165    2.53418    0.415851   0.394991    0.62034   -1.48394     1.11337    -0.516432\n",
      " -2.08819     0.331694    0.415851   6.21032   -3.86311     4.00693   -2.42809     1.10137    -0.404459\n",
      "  0.331694   -0.360695    0.394991  -3.86311    4.28367    -2.57713    1.10137    -0.0985189   0.343018\n",
      "  0.415851    0.394991    0.62034    4.00693   -2.57713     3.73877   -0.404459    0.343018    1.09056\n",
      "  1.33675    -0.0392805  -1.48394   -2.42809    1.10137    -0.404459   1.97878    -1.01375     0.428845\n",
      " -0.0392805  -0.376583    1.11337    1.10137   -0.0985189   0.343018  -1.01375     0.762051   -0.397232\n",
      " -1.48394     1.11337    -0.516432  -0.404459   0.343018    1.09056    0.428845   -0.397232    1.15661"
     ]
    }
   ],
   "source": [
    "phi = mat2block(M, 3, 3)\n",
    "bstate = mat2block(state, 3, 3)\n",
    "\n",
    "mapped = apply_map(bstate, phi)\n",
    "mprint(block2mat(mapped))"
   ]
  },
  {
   "cell_type": "code",
   "execution_count": 98,
   "id": "6f0633cf",
   "metadata": {},
   "outputs": [
    {
     "data": {
      "text/plain": [
       "witness_search (generic function with 1 method)"
      ]
     },
     "metadata": {},
     "output_type": "display_data"
    }
   ],
   "source": [
    "function check_candidate(candidate_state, d)\n",
    "    del, v, V = gen_pncp(d, d)\n",
    "    form = del * v + 10 * vec(V * V')\n",
    "\n",
    "    M = poly2mat(form, d, d)\n",
    "\n",
    "    phi = mat2block(M, d, d)\n",
    "\n",
    "    state = mat2block(candidate_state, d, d)\n",
    "\n",
    "    mapped = block2mat(apply_map(state, phi))\n",
    "\n",
    "    min_val = minimum(real(eigvals(mapped)))\n",
    "    return min_val, del, v, V\n",
    "end\n",
    "\n",
    "function witness_search(candidate_state, d, attempts)\n",
    "    for _ in 1:attempts\n",
    "        min_val, del, v, V = check_candidate(candidate_state, d)\n",
    "        if min_val < -1e-6\n",
    "            println(\"Found a witness with minimum eigenvalue: \", min_val)\n",
    "            return del, v, V\n",
    "        end\n",
    "    end\n",
    "    println(\"No witness found after \", attempts, \" attempts.\")\n",
    "    return nothing\n",
    "end"
   ]
  },
  {
   "cell_type": "code",
   "execution_count": 99,
   "id": "7a509e11",
   "metadata": {},
   "outputs": [
    {
     "name": "stdout",
     "output_type": "stream",
     "text": [
      "No witness found after 100 attempts.\n"
     ]
    }
   ],
   "source": [
    "d = 3\n",
    "candidate_state = ones(9, 9)\n",
    "\n",
    "witness_search(candidate_state, d, 100)"
   ]
  },
  {
   "cell_type": "code",
   "execution_count": 100,
   "id": "e2af50e0",
   "metadata": {},
   "outputs": [
    {
     "name": "stdout",
     "output_type": "stream",
     "text": [
      "No witness found after 100 attempts.\n"
     ]
    }
   ],
   "source": [
    "d = 3\n",
    "candidate_state = Utils.sep_state(3, 3)\n",
    "\n",
    "witness_search(candidate_state, d, 100)"
   ]
  },
  {
   "cell_type": "code",
   "execution_count": 116,
   "id": "b379557a",
   "metadata": {},
   "outputs": [
    {
     "name": "stdout",
     "output_type": "stream",
     "text": [
      "No witness found after 100 attempts.\n"
     ]
    }
   ],
   "source": [
    "d = 3\n",
    "candidate_state = Utils.C3()\n",
    "\n",
    "witness_search(candidate_state, d, 100)"
   ]
  },
  {
   "cell_type": "code",
   "execution_count": 102,
   "id": "498f45b7",
   "metadata": {},
   "outputs": [
    {
     "name": "stdout",
     "output_type": "stream",
     "text": [
      "No witness found after 10 attempts.\n"
     ]
    }
   ],
   "source": [
    "d = 4\n",
    "candidate_state = Utils.C4(0.5, 0.1)\n",
    "\n",
    "witness_search(candidate_state, d, 10)"
   ]
  }
 ],
 "metadata": {
  "kernelspec": {
   "display_name": "Julia 1.12.2",
   "language": "julia",
   "name": "julia-1.12"
  },
  "language_info": {
   "file_extension": ".jl",
   "mimetype": "application/julia",
   "name": "julia",
   "version": "1.12.2"
  }
 },
 "nbformat": 4,
 "nbformat_minor": 5
}
