{
 "cells": [
  {
   "cell_type": "code",
   "execution_count": 1,
   "id": "2a7eaab6",
   "metadata": {},
   "outputs": [],
   "source": [
    "using Random\n",
    "using LinearAlgebra\n",
    "using JuMP\n",
    "using MosekTools\n",
    "using DynamicPolynomials\n",
    "using SumOfSquares\n",
    "using Ket\n",
    "using JLD2\n",
    "using ProgressMeter\n",
    "\n",
    "using ppt2"
   ]
  },
  {
   "cell_type": "code",
   "execution_count": 2,
   "id": "a3d9aa34",
   "metadata": {},
   "outputs": [
    {
     "data": {
      "text/plain": [
       "⊗ (generic function with 2 methods)"
      ]
     },
     "metadata": {},
     "output_type": "display_data"
    }
   ],
   "source": [
    "⊗(a::AbstractMatrix, b::AbstractMatrix) = kron(a, b)\n",
    "⊗(a::AbstractVector, b::AbstractVector) = kron(a, b)"
   ]
  },
  {
   "cell_type": "code",
   "execution_count": 3,
   "id": "f1ce12cf",
   "metadata": {},
   "outputs": [
    {
     "data": {
      "text/plain": [
       "Xoshiro(0xdb2fa90498613fdf, 0x48d73dc42d195740, 0x8c49bc52dc8a77ea, 0x1911b814c02405e8, 0x22a21880af5dc689)"
      ]
     },
     "metadata": {},
     "output_type": "display_data"
    }
   ],
   "source": [
    "rng = Xoshiro(0)"
   ]
  },
  {
   "cell_type": "code",
   "execution_count": 4,
   "id": "8b3dc317",
   "metadata": {},
   "outputs": [
    {
     "data": {
      "text/plain": [
       "([-0.8463980683680558, -0.5838534317353806, 0.1700464133055429, -0.1514206585337643, 0.005060468713602952, -0.4303795214558001, 0.6579316081463198, -0.068505759995691, -0.7302292454707398, 0.4674481773624483  …  -0.5904563128298206, -0.1976375209779051, 0.11654528640272514, 0.32470629053643296, 0.35918505242864435, 0.12651163467185264, 0.06837791050103376, 0.27309262246144217, -0.22493401533651533, 0.8254178238326214], [-0.37356278474200144 0.19869187647577924 … 0.8928773108630922 -0.33039079498938234; -0.8723949060646983 0.3469968426480365 … 0.49591548950192954 -0.5429810165317911; … ; 1.1354519756302524 -0.6587120322400015 … 0.5972311617325302 0.7742570693025841; 0.27523455198276114 0.9891731439876641 … -0.3717471582771364 -0.5987269736052465])"
      ]
     },
     "metadata": {},
     "output_type": "display_data"
    }
   ],
   "source": [
    "f, h = ppt2.gen_pncp(4, 4; rng=rng)"
   ]
  },
  {
   "cell_type": "code",
   "execution_count": 4,
   "id": "9c88284c",
   "metadata": {},
   "outputs": [
    {
     "data": {
      "text/latex": [
       "$$ 2.9004098050895637X_{4}^{2}Y_{4}^{2} - 2.3407759656271394X_{4}^{2}Y_{3}Y_{4} + 2.920212594841107X_{4}^{2}Y_{3}^{2} - 2.282980255086338X_{4}^{2}Y_{2}Y_{4} + 0.6147431029575312X_{4}^{2}Y_{2}Y_{3} + 0.7959137243687203X_{4}^{2}Y_{2}^{2} - 0.9874031978392315X_{4}^{2}Y_{1}Y_{4} + 3.366165176735693X_{4}^{2}Y_{1}Y_{3} - 0.3563571079753709X_{4}^{2}Y_{1}Y_{2} + 1.2868644955023492X_{4}^{2}Y_{1}^{2} + 3.277541896474029X_{3}X_{4}Y_{4}^{2} - 1.8030034915100683X_{3}X_{4}Y_{3}Y_{4} - 3.1987846897124026X_{3}X_{4}Y_{3}^{2} - 5.102276520826705X_{3}X_{4}Y_{2}Y_{4} + 2.6418365123555487X_{3}X_{4}Y_{2}Y_{3} + 2.094455627395272X_{3}X_{4}Y_{2}^{2} - 1.8972194760057552X_{3}X_{4}Y_{1}Y_{4} - 0.7781523562114683X_{3}X_{4}Y_{1}Y_{3} - 1.2989431988125935X_{3}X_{4}Y_{1}Y_{2} + 2.333435420959445X_{3}X_{4}Y_{1}^{2} + 2.4079856091945837X_{3}^{2}Y_{4}^{2} - 1.2717736642636592X_{3}^{2}Y_{3}Y_{4} + 4.189641733670485X_{3}^{2}Y_{3}^{2} - 4.866110626586193X_{3}^{2}Y_{2}Y_{4} + 4.751290507592281X_{3}^{2}Y_{2}Y_{3} + 3.502166952297955X_{3}^{2}Y_{2}^{2} - 3.431020609000303X_{3}^{2}Y_{1}Y_{4} - 1.751663895592083X_{3}^{2}Y_{1}Y_{3} + 2.388501607791724X_{3}^{2}Y_{1}Y_{2} + 2.5949859505258295X_{3}^{2}Y_{1}^{2} + 0.13921466796790008X_{2}X_{4}Y_{4}^{2} - 2.425366301760619X_{2}X_{4}Y_{3}Y_{4} + 2.429753718039646X_{2}X_{4}Y_{3}^{2} - 2.145707499962109X_{2}X_{4}Y_{2}Y_{4} + 1.1773950227572818X_{2}X_{4}Y_{2}Y_{3} - 0.969296460231095X_{2}X_{4}Y_{2}^{2} + 0.25703252233615115X_{2}X_{4}Y_{1}Y_{4} - 0.9141448518190594X_{2}X_{4}Y_{1}Y_{3} + 2.5169666069926526X_{2}X_{4}Y_{1}Y_{2} - 2.3664395616050875X_{2}X_{4}Y_{1}^{2} + 0.5922914416376467X_{2}X_{3}Y_{4}^{2} - 2.915581169826585X_{2}X_{3}Y_{3}Y_{4} - 0.6481997020242414X_{2}X_{3}Y_{3}^{2} - 3.8877769575609764X_{2}X_{3}Y_{2}Y_{4} - 2.461849461284228X_{2}X_{3}Y_{2}Y_{3} + 0.08131637925921537X_{2}X_{3}Y_{2}^{2} - 1.0537613845801874X_{2}X_{3}Y_{1}Y_{4} + 4.566618221151369X_{2}X_{3}Y_{1}Y_{3} + 5.095549256525656X_{2}X_{3}Y_{1}Y_{2} - 1.7292366886194486X_{2}X_{3}Y_{1}^{2} + 0.6531253554302988X_{2}^{2}Y_{4}^{2} + 0.08044071841037195X_{2}^{2}Y_{3}Y_{4} + 0.7885879626434901X_{2}^{2}Y_{3}^{2} + 1.6765397996538784X_{2}^{2}Y_{2}Y_{4} + 0.2365557542732386X_{2}^{2}Y_{2}Y_{3} + 2.0208211506733487X_{2}^{2}Y_{2}^{2} - 1.2764737004326505X_{2}^{2}Y_{1}Y_{4} - 0.8219597317734365X_{2}^{2}Y_{1}Y_{3} - 1.6044919968747036X_{2}^{2}Y_{1}Y_{2} + 1.5896434133649011X_{2}^{2}Y_{1}^{2} + 3.354878221276893X_{1}X_{4}Y_{4}^{2} + 4.30078139002401X_{1}X_{4}Y_{3}Y_{4} - 2.8448546347777395X_{1}X_{4}Y_{3}^{2} - 1.201306969704023X_{1}X_{4}Y_{2}Y_{4} - 5.824068438409714X_{1}X_{4}Y_{2}Y_{3} - 1.0537689404363388X_{1}X_{4}Y_{2}^{2} + 1.5169851539540704X_{1}X_{4}Y_{1}Y_{4} - 1.6134042177392294X_{1}X_{4}Y_{1}Y_{3} - 2.827156613552647X_{1}X_{4}Y_{1}Y_{2} + 0.7289622607527714X_{1}X_{4}Y_{1}^{2} + 2.8495586292486474X_{1}X_{3}Y_{4}^{2} - 2.6594559947917524X_{1}X_{3}Y_{3}Y_{4} + 0.1535083721112133X_{1}X_{3}Y_{3}^{2} - 6.060068981506143X_{1}X_{3}Y_{2}Y_{4} - 1.5685712887879135X_{1}X_{3}Y_{2}Y_{3} + 0.3436958847610993X_{1}X_{3}Y_{2}^{2} - 2.3115417850215545X_{1}X_{3}Y_{1}Y_{4} + 0.3787252164997934X_{1}X_{3}Y_{1}Y_{3} + 0.9169228269970661X_{1}X_{3}Y_{1}Y_{2} + 3.3515685521521834X_{1}X_{3}Y_{1}^{2} + 1.1968028054898074X_{1}X_{2}Y_{4}^{2} - 0.49085075578305776X_{1}X_{2}Y_{3}Y_{4} - 2.3299316086577937X_{1}X_{2}Y_{3}^{2} + 1.205008882047951X_{1}X_{2}Y_{2}Y_{4} - 0.5064371462718991X_{1}X_{2}Y_{2}Y_{3} + 2.3197465826302484X_{1}X_{2}Y_{2}^{2} - 1.2079391230782734X_{1}X_{2}Y_{1}Y_{4} - 2.528542641051304X_{1}X_{2}Y_{1}Y_{3} + 4.161967317654229X_{1}X_{2}Y_{1}Y_{2} - 1.428727318558094X_{1}X_{2}Y_{1}^{2} + 1.7941151461212144X_{1}^{2}Y_{4}^{2} + 3.3932296116771243X_{1}^{2}Y_{3}Y_{4} + 4.608583714132131X_{1}^{2}Y_{3}^{2} + 0.23391035300822086X_{1}^{2}Y_{2}Y_{4} + 2.794457934443433X_{1}^{2}Y_{2}Y_{3} + 1.7648314615614504X_{1}^{2}Y_{2}^{2} + 1.3152511191498546X_{1}^{2}Y_{1}Y_{4} + 4.64266767906746X_{1}^{2}Y_{1}Y_{3} + 3.3747595785446842X_{1}^{2}Y_{1}Y_{2} + 2.5016155221415812X_{1}^{2}Y_{1}^{2} $$"
      ],
      "text/plain": [
       "2.9004098050895637X₄²Y₄² - 2.3407759656271394X₄²Y₃Y₄ + 2.920212594841107X₄²Y₃² - 2.282980255086338X₄²Y₂Y₄ + 0.6147431029575312X₄²Y₂Y₃ + 0.7959137243687203X₄²Y₂² - 0.9874031978392315X₄²Y₁Y₄ + 3.366165176735693X₄²Y₁Y₃ - 0.3563571079753709X₄²Y₁Y₂ + 1.2868644955023492X₄²Y₁² + 3.277541896474029X₃X₄Y₄² - 1.8030034915100683X₃X₄Y₃Y₄ - 3.1987846897124026X₃X₄Y₃² - 5.102276520826705X₃X₄Y₂Y₄ + 2.6418365123555487X₃X₄Y₂Y₃ + 2.094455627395272X₃X₄Y₂² - 1.8972194760057552X₃X₄Y₁Y₄ - 0.7781523562114683X₃X₄Y₁Y₃ - 1.2989431988125935X₃X₄Y₁Y₂ + 2.333435420959445X₃X₄Y₁² + 2.4079856091945837X₃²Y₄² - 1.2717736642636592X₃²Y₃Y₄ + 4.189641733670485X₃²Y₃² - 4.866110626586193X₃²Y₂Y₄ + 4.751290507592281X₃²Y₂Y₃ + 3.502166952297955X₃²Y₂² - 3.431020609000303X₃²Y₁Y₄ - 1.751663895592083X₃²Y₁Y₃ + 2.388501607791724X₃²Y₁Y₂ + 2.5949859505258295X₃²Y₁² + 0.13921466796790008X₂X₄Y₄² - 2.425366301760619X₂X₄Y₃Y₄ + 2.429753718039646X₂X₄Y₃² - 2.145707499962109X₂X₄Y₂Y₄ + 1.1773950227572818X₂X₄Y₂Y₃ - 0.969296460231095X₂X₄Y₂² + 0.25703252233615115X₂X₄Y₁Y₄ - 0.9141448518190594X₂X₄Y₁Y₃ + 2.5169666069926526X₂X₄Y₁Y₂ - 2.3664395616050875X₂X₄Y₁² + 0.5922914416376467X₂X₃Y₄² - 2.915581169826585X₂X₃Y₃Y₄ - 0.6481997020242414X₂X₃Y₃² - 3.8877769575609764X₂X₃Y₂Y₄ - 2.461849461284228X₂X₃Y₂Y₃ + 0.08131637925921537X₂X₃Y₂² - 1.0537613845801874X₂X₃Y₁Y₄ + 4.566618221151369X₂X₃Y₁Y₃ + 5.095549256525656X₂X₃Y₁Y₂ - 1.7292366886194486X₂X₃Y₁² + 0.6531253554302988X₂²Y₄² + 0.08044071841037195X₂²Y₃Y₄ + 0.7885879626434901X₂²Y₃² + 1.6765397996538784X₂²Y₂Y₄ + 0.2365557542732386X₂²Y₂Y₃ + 2.0208211506733487X₂²Y₂² - 1.2764737004326505X₂²Y₁Y₄ - 0.8219597317734365X₂²Y₁Y₃ - 1.6044919968747036X₂²Y₁Y₂ + 1.5896434133649011X₂²Y₁² + 3.354878221276893X₁X₄Y₄² + 4.30078139002401X₁X₄Y₃Y₄ - 2.8448546347777395X₁X₄Y₃² - 1.201306969704023X₁X₄Y₂Y₄ - 5.824068438409714X₁X₄Y₂Y₃ - 1.0537689404363388X₁X₄Y₂² + 1.5169851539540704X₁X₄Y₁Y₄ - 1.6134042177392294X₁X₄Y₁Y₃ - 2.827156613552647X₁X₄Y₁Y₂ + 0.7289622607527714X₁X₄Y₁² + 2.8495586292486474X₁X₃Y₄² - 2.6594559947917524X₁X₃Y₃Y₄ + 0.1535083721112133X₁X₃Y₃² - 6.060068981506143X₁X₃Y₂Y₄ - 1.5685712887879135X₁X₃Y₂Y₃ + 0.3436958847610993X₁X₃Y₂² - 2.3115417850215545X₁X₃Y₁Y₄ + 0.3787252164997934X₁X₃Y₁Y₃ + 0.9169228269970661X₁X₃Y₁Y₂ + 3.3515685521521834X₁X₃Y₁² + 1.1968028054898074X₁X₂Y₄² - 0.49085075578305776X₁X₂Y₃Y₄ - 2.3299316086577937X₁X₂Y₃² + 1.205008882047951X₁X₂Y₂Y₄ - 0.5064371462718991X₁X₂Y₂Y₃ + 2.3197465826302484X₁X₂Y₂² - 1.2079391230782734X₁X₂Y₁Y₄ - 2.528542641051304X₁X₂Y₁Y₃ + 4.161967317654229X₁X₂Y₁Y₂ - 1.428727318558094X₁X₂Y₁² + 1.7941151461212144X₁²Y₄² + 3.3932296116771243X₁²Y₃Y₄ + 4.608583714132131X₁²Y₃² + 0.23391035300822086X₁²Y₂Y₄ + 2.794457934443433X₁²Y₂Y₃ + 1.7648314615614504X₁²Y₂² + 1.3152511191498546X₁²Y₁Y₄ + 4.64266767906746X₁²Y₁Y₃ + 3.3747595785446842X₁²Y₁Y₂ + 2.5016155221415812X₁²Y₁²"
      ]
     },
     "metadata": {},
     "output_type": "display_data"
    }
   ],
   "source": [
    "poly = ppt2.pncp_poly(4, 4; rng=rng)"
   ]
  },
  {
   "cell_type": "code",
   "execution_count": 7,
   "id": "e93818d9",
   "metadata": {},
   "outputs": [
    {
     "name": "stdout",
     "output_type": "stream",
     "text": [
      "2.9004098050895637*X[4]^2*Y[4]^2 - 2.3407759656271394*X[4]^2*Y[3]*Y[4] + 2.920212594841107*X[4]^2*Y[3]^2 - 2.282980255086338*X[4]^2*Y[2]*Y[4] + 0.6147431029575312*X[4]^2*Y[2]*Y[3] + 0.7959137243687203*X[4]^2*Y[2]^2 - 0.9874031978392315*X[4]^2*Y[1]*Y[4] + 3.366165176735693*X[4]^2*Y[1]*Y[3] - 0.3563571079753709*X[4]^2*Y[1]*Y[2] + 1.2868644955023492*X[4]^2*Y[1]^2 + 3.277541896474029*X[3]*X[4]*Y[4]^2 - 1.8030034915100683*X[3]*X[4]*Y[3]*Y[4] - 3.1987846897124026*X[3]*X[4]*Y[3]^2 - 5.102276520826705*X[3]*X[4]*Y[2]*Y[4] + 2.6418365123555487*X[3]*X[4]*Y[2]*Y[3] + 2.094455627395272*X[3]*X[4]*Y[2]^2 - 1.8972194760057552*X[3]*X[4]*Y[1]*Y[4] - 0.7781523562114683*X[3]*X[4]*Y[1]*Y[3] - 1.2989431988125935*X[3]*X[4]*Y[1]*Y[2] + 2.333435420959445*X[3]*X[4]*Y[1]^2 + 2.4079856091945837*X[3]^2*Y[4]^2 - 1.2717736642636592*X[3]^2*Y[3]*Y[4] + 4.189641733670485*X[3]^2*Y[3]^2 - 4.866110626586193*X[3]^2*Y[2]*Y[4] + 4.751290507592281*X[3]^2*Y[2]*Y[3] + 3.502166952297955*X[3]^2*Y[2]^2 - 3.431020609000303*X[3]^2*Y[1]*Y[4] - 1.751663895592083*X[3]^2*Y[1]*Y[3] + 2.388501607791724*X[3]^2*Y[1]*Y[2] + 2.5949859505258295*X[3]^2*Y[1]^2 + 0.13921466796790008*X[2]*X[4]*Y[4]^2 - 2.425366301760619*X[2]*X[4]*Y[3]*Y[4] + 2.429753718039646*X[2]*X[4]*Y[3]^2 - 2.145707499962109*X[2]*X[4]*Y[2]*Y[4] + 1.1773950227572818*X[2]*X[4]*Y[2]*Y[3] - 0.969296460231095*X[2]*X[4]*Y[2]^2 + 0.25703252233615115*X[2]*X[4]*Y[1]*Y[4] - 0.9141448518190594*X[2]*X[4]*Y[1]*Y[3] + 2.5169666069926526*X[2]*X[4]*Y[1]*Y[2] - 2.3664395616050875*X[2]*X[4]*Y[1]^2 + 0.5922914416376467*X[2]*X[3]*Y[4]^2 - 2.915581169826585*X[2]*X[3]*Y[3]*Y[4] - 0.6481997020242414*X[2]*X[3]*Y[3]^2 - 3.8877769575609764*X[2]*X[3]*Y[2]*Y[4] - 2.461849461284228*X[2]*X[3]*Y[2]*Y[3] + 0.08131637925921537*X[2]*X[3]*Y[2]^2 - 1.0537613845801874*X[2]*X[3]*Y[1]*Y[4] + 4.566618221151369*X[2]*X[3]*Y[1]*Y[3] + 5.095549256525656*X[2]*X[3]*Y[1]*Y[2] - 1.7292366886194486*X[2]*X[3]*Y[1]^2 + 0.6531253554302988*X[2]^2*Y[4]^2 + 0.08044071841037195*X[2]^2*Y[3]*Y[4] + 0.7885879626434901*X[2]^2*Y[3]^2 + 1.6765397996538784*X[2]^2*Y[2]*Y[4] + 0.2365557542732386*X[2]^2*Y[2]*Y[3] + 2.0208211506733487*X[2]^2*Y[2]^2 - 1.2764737004326505*X[2]^2*Y[1]*Y[4] - 0.8219597317734365*X[2]^2*Y[1]*Y[3] - 1.6044919968747036*X[2]^2*Y[1]*Y[2] + 1.5896434133649011*X[2]^2*Y[1]^2 + 3.354878221276893*X[1]*X[4]*Y[4]^2 + 4.30078139002401*X[1]*X[4]*Y[3]*Y[4] - 2.8448546347777395*X[1]*X[4]*Y[3]^2 - 1.201306969704023*X[1]*X[4]*Y[2]*Y[4] - 5.824068438409714*X[1]*X[4]*Y[2]*Y[3] - 1.0537689404363388*X[1]*X[4]*Y[2]^2 + 1.5169851539540704*X[1]*X[4]*Y[1]*Y[4] - 1.6134042177392294*X[1]*X[4]*Y[1]*Y[3] - 2.827156613552647*X[1]*X[4]*Y[1]*Y[2] + 0.7289622607527714*X[1]*X[4]*Y[1]^2 + 2.8495586292486474*X[1]*X[3]*Y[4]^2 - 2.6594559947917524*X[1]*X[3]*Y[3]*Y[4] + 0.1535083721112133*X[1]*X[3]*Y[3]^2 - 6.060068981506143*X[1]*X[3]*Y[2]*Y[4] - 1.5685712887879135*X[1]*X[3]*Y[2]*Y[3] + 0.3436958847610993*X[1]*X[3]*Y[2]^2 - 2.3115417850215545*X[1]*X[3]*Y[1]*Y[4] + 0.3787252164997934*X[1]*X[3]*Y[1]*Y[3] + 0.9169228269970661*X[1]*X[3]*Y[1]*Y[2] + 3.3515685521521834*X[1]*X[3]*Y[1]^2 + 1.1968028054898074*X[1]*X[2]*Y[4]^2 - 0.49085075578305776*X[1]*X[2]*Y[3]*Y[4] - 2.3299316086577937*X[1]*X[2]*Y[3]^2 + 1.205008882047951*X[1]*X[2]*Y[2]*Y[4] - 0.5064371462718991*X[1]*X[2]*Y[2]*Y[3] + 2.3197465826302484*X[1]*X[2]*Y[2]^2 - 1.2079391230782734*X[1]*X[2]*Y[1]*Y[4] - 2.528542641051304*X[1]*X[2]*Y[1]*Y[3] + 4.161967317654229*X[1]*X[2]*Y[1]*Y[2] - 1.428727318558094*X[1]*X[2]*Y[1]^2 + 1.7941151461212144*X[1]^2*Y[4]^2 + 3.3932296116771243*X[1]^2*Y[3]*Y[4] + 4.608583714132131*X[1]^2*Y[3]^2 + 0.23391035300822086*X[1]^2*Y[2]*Y[4] + 2.794457934443433*X[1]^2*Y[2]*Y[3] + 1.7648314615614504*X[1]^2*Y[2]^2 + 1.3152511191498546*X[1]^2*Y[1]*Y[4] + 4.64266767906746*X[1]^2*Y[1]*Y[3] + 3.3747595785446842*X[1]^2*Y[1]*Y[2] + 2.5016155221415812*X[1]^2*Y[1]^2\n"
     ]
    }
   ],
   "source": [
    "println(poly)"
   ]
  },
  {
   "cell_type": "code",
   "execution_count": 11,
   "id": "9947f852",
   "metadata": {},
   "outputs": [
    {
     "data": {
      "text/plain": [
       "16×16 Matrix{Float64}:\n",
       "  2.50162     1.68738    2.32133    …  -0.706789  -0.403351   0.379246\n",
       "  1.68738     1.76483    1.39723       -0.526884  -1.45602   -0.300327\n",
       "  2.32133     1.39723    4.60858       -1.45602   -1.42243    1.0752\n",
       "  0.657626    0.116955   1.69661       -0.300327   1.0752     1.67744\n",
       " -0.714364    1.04049   -0.632136       0.629242  -0.228536   0.0642581\n",
       "  1.04049     1.15987   -0.126609   …  -0.484648   0.294349  -0.536427\n",
       " -0.632136   -0.126609  -1.16497        0.294349   1.21488   -0.606342\n",
       " -0.301985    0.301252  -0.122713      -0.536427  -0.606342   0.0696073\n",
       "  1.67578     0.229231   0.0946813     -0.324736  -0.194538  -0.474305\n",
       "  0.229231    0.171848  -0.392143       1.04723    0.660459  -1.27557\n",
       "  0.0946813  -0.392143   0.0767542  …   0.660459  -1.59939   -0.450751\n",
       " -0.577885   -1.51502   -0.664864      -1.27557   -0.450751   1.63877\n",
       "  0.364481   -0.706789  -0.403351      -0.178179   1.68308   -0.493702\n",
       " -0.706789   -0.526884  -1.45602        0.795914   0.307372  -1.14149\n",
       " -0.403351   -1.45602   -1.42243        0.307372   2.92021   -1.17039\n",
       "  0.379246   -0.300327   1.0752     …  -1.14149   -1.17039    2.90041"
      ]
     },
     "metadata": {},
     "output_type": "display_data"
    }
   ],
   "source": [
    "mat = pncp_mat(4, 4; rng=rng)"
   ]
  },
  {
   "cell_type": "code",
   "execution_count": 13,
   "id": "1b402bcf",
   "metadata": {},
   "outputs": [
    {
     "name": "stdout",
     "output_type": "stream",
     "text": [
      "[2.5016155221415812 1.6873797892723421 2.32133383953373 0.6576255595749273 -0.714363659279047 1.0404918294135572 -0.632135660262826 -0.30198478076956836 1.6757842760760917 0.22923070674926652 0.09468130412494835 -0.5778854462553886 0.3644811303763857 -0.7067891533881617 -0.40335105443480734 0.3792462884885176; 1.6873797892723421 1.7648314615614504 1.3972289672217164 0.11695517650411043 1.0404918294135572 1.1598732913151242 -0.12660928656797477 0.30125222051198774 0.22923070674926652 0.17184794238054965 -0.3921428221969784 -1.5150172453765358 -0.7067891533881617 -0.5268844702181694 -1.4560171096024286 -0.30032674242600577; 2.32133383953373 1.3972289672217164 4.608583714132131 1.6966148058385622 -0.632135660262826 -0.12660928656797477 -1.1649658043288968 -0.12271268894576444 0.09468130412494835 -0.3921428221969784 0.07675418605560665 -0.6648639986979381 -0.40335105443480734 -1.4560171096024286 -1.4224273173888697 1.0751953475060025; 0.6576255595749273 0.11695517650411043 1.6966148058385622 1.7941151461212144 -0.30198478076956836 0.30125222051198774 -0.12271268894576444 0.5984014027449037 -0.5778854462553886 -1.5150172453765358 -0.6648639986979381 1.4247793146243237 0.3792462884885176 -0.30032674242600577 1.0751953475060025 1.6774391106384465; -0.714363659279047 1.0404918294135572 -0.632135660262826 -0.30198478076956836 1.5896434133649011 -0.8022459984373518 -0.41097986588671825 -0.6382368502163253 -0.8646183443097243 1.273887314131414 1.1416545552878423 -0.26344034614504686 -1.1832197808025438 0.6292416517481632 -0.22853621295476484 0.06425813058403779; 1.0404918294135572 1.1598732913151242 -0.12660928656797477 0.30125222051198774 -0.8022459984373518 2.0208211506733487 0.1182778771366193 0.8382698998269392 1.273887314131414 0.04065818962960768 -0.615462365321057 -0.9719442393902441 0.6292416517481632 -0.4846482301155475 0.29434875568932045 -0.5364268749905272; -0.632135660262826 -0.12660928656797477 -1.1649658043288968 -0.12271268894576444 -0.41097986588671825 0.1182778771366193 0.7885879626434901 0.040220359205185977 1.1416545552878423 -0.615462365321057 -0.3240998510121207 -0.7288952924566463 -0.22853621295476484 0.29434875568932045 1.214876859019823 -0.6063415754401548; -0.30198478076956836 0.30125222051198774 -0.12271268894576444 0.5984014027449037 -0.6382368502163253 0.8382698998269392 0.040220359205185977 0.6531253554302988 -0.26344034614504686 -0.9719442393902441 -0.7288952924566463 0.29614572081882334 0.06425813058403779 -0.5364268749905272 -0.6063415754401548 0.06960733398395004; 1.6757842760760917 0.22923070674926652 0.09468130412494835 -0.5778854462553886 -0.8646183443097243 1.273887314131414 1.1416545552878423 -0.26344034614504686 2.5949859505258295 1.194250803895862 -0.8758319477960415 -1.7155103045001514 1.1667177104797224 -0.32473579970314836 -0.19453808905286707 -0.4743048690014388; 0.22923070674926652 0.17184794238054965 -0.3921428221969784 -1.5150172453765358 1.273887314131414 0.04065818962960768 -0.615462365321057 -0.9719442393902441 1.194250803895862 3.502166952297955 2.3756452537961406 -2.4330553132930963 -0.32473579970314836 1.047227813697636 0.6604591280888872 -1.2755691302066763; 0.09468130412494835 -0.3921428221969784 0.07675418605560665 -0.6648639986979381 1.1416545552878423 -0.615462365321057 -0.3240998510121207 -0.7288952924566463 -0.8758319477960415 2.3756452537961406 4.189641733670485 -0.6358868321318296 -0.19453808905286707 0.6604591280888872 -1.5993923448562013 -0.4507508728775171; -0.5778854462553886 -1.5150172453765358 -0.6648639986979381 1.4247793146243237 -0.26344034614504686 -0.9719442393902441 -0.7288952924566463 0.29614572081882334 -1.7155103045001514 -2.4330553132930963 -0.6358868321318296 2.4079856091945837 -0.4743048690014388 -1.2755691302066763 -0.4507508728775171 1.6387709482370145; 0.3644811303763857 -0.7067891533881617 -0.40335105443480734 0.3792462884885176 -1.1832197808025438 0.6292416517481632 -0.22853621295476484 0.06425813058403779 1.1667177104797224 -0.32473579970314836 -0.19453808905286707 -0.4743048690014388 1.2868644955023492 -0.17817855398768545 1.6830825883678464 -0.49370159891961574; -0.7067891533881617 -0.5268844702181694 -1.4560171096024286 -0.30032674242600577 0.6292416517481632 -0.4846482301155475 0.29434875568932045 -0.5364268749905272 -0.32473579970314836 1.047227813697636 0.6604591280888872 -1.2755691302066763 -0.17817855398768545 0.7959137243687203 0.3073715514787656 -1.141490127543169; -0.40335105443480734 -1.4560171096024286 -1.4224273173888697 1.0751953475060025 -0.22853621295476484 0.29434875568932045 1.214876859019823 -0.6063415754401548 -0.19453808905286707 0.6604591280888872 -1.5993923448562013 -0.4507508728775171 1.6830825883678464 0.3073715514787656 2.920212594841107 -1.1703879828135697; 0.3792462884885176 -0.30032674242600577 1.0751953475060025 1.6774391106384465 0.06425813058403779 -0.5364268749905272 -0.6063415754401548 0.06960733398395004 -0.4743048690014388 -1.2755691302066763 -0.4507508728775171 1.6387709482370145 -0.49370159891961574 -1.141490127543169 -1.1703879828135697 2.9004098050895637]\n"
     ]
    }
   ],
   "source": [
    "println(mat)"
   ]
  },
  {
   "cell_type": "code",
   "execution_count": 7,
   "id": "b7cf70bf",
   "metadata": {},
   "outputs": [
    {
     "data": {
      "text/plain": [
       "16×16 Matrix{Float64}:\n",
       "  0.250562   -0.185018    0.595791   -0.0421582  …   0.0121876    -0.0844437\n",
       " -0.185018    0.242161   -0.725767    0.0369451      0.11218       0.0838693\n",
       "  0.595791   -0.725767    2.45581    -0.100628       0.208687     -0.4419\n",
       " -0.0421582   0.0369451  -0.100628    0.0861272     -0.4419        0.0523178\n",
       " -0.260352    0.243012   -0.959363    0.239431      -0.0108145     0.172371\n",
       "  0.243012   -0.29567     1.00193    -0.242058   …  -0.301265     -0.206355\n",
       " -0.959363    1.00193    -3.15661     0.833063      -0.661692      0.647687\n",
       "  0.239431   -0.242058    0.833063    0.0179045      0.647687     -0.389412\n",
       "  0.121636   -0.0532369   0.110013   -0.117369      -0.0413898    -0.0591179\n",
       " -0.0532369  -0.0175779   0.203736    0.0851487     -0.025026      0.0648484\n",
       "  0.110013    0.203736   -1.24314    -0.247287   …  -0.250823      0.262551\n",
       " -0.117369    0.0851487  -0.247287   -0.0722558      0.262551      0.111234\n",
       " -0.124737    0.0615256   0.0121876  -0.0844437     -0.000774351  -0.0281731\n",
       "  0.0615256  -0.136798    0.11218     0.0838693      0.0846949    -0.133641\n",
       "  0.0121876   0.11218     0.208687   -0.4419         0.279085     -0.16742\n",
       " -0.0844437   0.0838693  -0.4419      0.0523178  …  -0.16742       0.337089"
      ]
     },
     "metadata": {},
     "output_type": "display_data"
    }
   ],
   "source": [
    "# Load precomputed forms\n",
    "files_4x4 = [\n",
    "    \"../pncp_forms_4x4.jld2\",\n",
    "]\n",
    "\n",
    "files_3x3 = [\n",
    "    \"../pncp_forms_3x3.jld2\",\n",
    "]\n",
    "\n",
    "forms_3x3 = vcat([jldopen(file) do file\n",
    "    vcat([file[k] for k in keys(file)]...)\n",
    "end for file in files_3x3]...)\n",
    "\n",
    "forms_4x4 = vcat([jldopen(file) do file\n",
    "    vcat([file[k] for k in keys(file)]...)\n",
    "end for file in files_4x4]...)\n",
    "\n",
    "forms_4x4[1]"
   ]
  },
  {
   "cell_type": "code",
   "execution_count": 18,
   "id": "06507093",
   "metadata": {},
   "outputs": [
    {
     "data": {
      "text/plain": [
       "test_ppt2_dps (generic function with 1 method)"
      ]
     },
     "metadata": {},
     "output_type": "display_data"
    }
   ],
   "source": [
    "function test_ppt2_pncp(n::Int, m::Int, forms; n_trials::Int=10000, tol::Float64=1e-6)\n",
    "    @showprogress for i in 1:n_trials\n",
    "        ppt = rand_ppt(n, m)\n",
    "        r, idx = findmin(tr.(forms .* Ref(ppt)))\n",
    "        if r < -tol\n",
    "            println(\"Witness $idx detects entanglement: $r\")\n",
    "            return ppt, forms[idx]\n",
    "        end\n",
    "    end\n",
    "    return nothing, nothing\n",
    "end\n",
    "\n",
    "function test_ppt2_dps(n::Int, m::Int; n_trials::Int=10000, tol::Float64=1e-6)\n",
    "    @showprogress for i in 1:n_trials\n",
    "        ppt = rand_ppt(n, m)\n",
    "        cpp = Hermitian(ampliation(ppt, ppt, n, m))\n",
    "        r, w = entanglement_robustness(cpp, [n, m], 2; solver=Mosek.Optimizer)\n",
    "        if r > tol\n",
    "            println(\"DPS detects entanglement: $r\")\n",
    "            return ppt, w\n",
    "        end\n",
    "    end\n",
    "    return nothing, nothing\n",
    "end"
   ]
  },
  {
   "cell_type": "code",
   "execution_count": 15,
   "id": "5999201b",
   "metadata": {},
   "outputs": [
    {
     "name": "stderr",
     "output_type": "stream",
     "text": [
      "\u001b[32mProgress:   7%|██▊                                      |  ETA: 4:24:25\u001b[39m\u001b[KK"
     ]
    },
    {
     "name": "stdout",
     "output_type": "stream",
     "text": [
      "DPS detects entanglement: 1.002595767194313e-6\n"
     ]
    },
    {
     "name": "stderr",
     "output_type": "stream",
     "text": [
      "\u001b[32mProgress: 100%|█████████████████████████████████████████| Time: 0:19:28\u001b[39m\u001b[K\n"
     ]
    },
    {
     "data": {
      "text/plain": [
       "([8.324714883327928 5.395499999999999 … 4.5161999999999995 4.6313; 5.395499999999999 8.818614883327928 … 5.046749999999999 4.912050000000001; … ; 4.5161999999999995 5.046749999999999 … 6.700314883327929 3.6059; 4.6313 4.912050000000001 … 3.6059 6.7057148833279285], [0.04117417647075984 -0.016537396283640763 … -0.06685464101272384 -0.05657730989307746; -0.016537396283640763 0.00664225971831646 … 0.013261579227509238 0.009479460973031458; … ; -0.06685464101272384 0.013261579227509238 … 0.21819839147744113 0.173160201384404; -0.05657730989307746 0.009479460973031458 … 0.173160201384404 0.13741834648554363])"
      ]
     },
     "metadata": {},
     "output_type": "display_data"
    }
   ],
   "source": [
    "ppt, wit = test_ppt2_dps(4, 4)"
   ]
  },
  {
   "cell_type": "code",
   "execution_count": 19,
   "id": "fa4d174a",
   "metadata": {},
   "outputs": [
    {
     "name": "stderr",
     "output_type": "stream",
     "text": [
      "\u001b[32mProgress:   0%|▏                                        |  ETA: 6:58:23\u001b[39m\u001b[K┌ Warning: Mosek.MSK_RES_TRM_STALL\n",
      "└ @ Ket /Users/noah/.julia/packages/Ket/Qqqjl/src/entanglement.jl:256\n",
      "\u001b[32mProgress:   1%|▌                                        |  ETA: 6:46:12\u001b[39m\u001b[K┌ Warning: Mosek.MSK_RES_TRM_STALL\n",
      "└ @ Ket /Users/noah/.julia/packages/Ket/Qqqjl/src/entanglement.jl:256\n",
      "\u001b[32mProgress:   2%|▉                                        |  ETA: 6:38:15\u001b[39m\u001b[K┌ Warning: Mosek.MSK_RES_TRM_STALL\n",
      "└ @ Ket /Users/noah/.julia/packages/Ket/Qqqjl/src/entanglement.jl:256\n",
      "\u001b[32mProgress:   3%|█▎                                       |  ETA: 6:30:22\u001b[39m\u001b[K┌ Warning: Mosek.MSK_RES_TRM_STALL\n",
      "└ @ Ket /Users/noah/.julia/packages/Ket/Qqqjl/src/entanglement.jl:256\n",
      "\u001b[32mProgress:   4%|█▊                                       |  ETA: 6:22:37\u001b[39m\u001b[K┌ Warning: Mosek.MSK_RES_TRM_STALL\n",
      "└ @ Ket /Users/noah/.julia/packages/Ket/Qqqjl/src/entanglement.jl:256\n",
      "\u001b[32mProgress:   5%|██▏                                      |  ETA: 6:17:51\u001b[39m\u001b[K┌ Warning: Mosek.MSK_RES_TRM_STALL\n",
      "└ @ Ket /Users/noah/.julia/packages/Ket/Qqqjl/src/entanglement.jl:256\n",
      "\u001b[32mProgress:   5%|██▎                                      |  ETA: 6:17:13\u001b[39m\u001b[K┌ Warning: Mosek.MSK_RES_TRM_STALL\n",
      "└ @ Ket /Users/noah/.julia/packages/Ket/Qqqjl/src/entanglement.jl:256\n",
      "\u001b[32mProgress:   6%|██▍                                      |  ETA: 6:15:01\u001b[39m\u001b[K┌ Warning: Mosek.MSK_RES_TRM_STALL\n",
      "└ @ Ket /Users/noah/.julia/packages/Ket/Qqqjl/src/entanglement.jl:256\n",
      "\u001b[32mProgress:   6%|██▌                                      |  ETA: 6:13:21\u001b[39m\u001b[K┌ Warning: Mosek.MSK_RES_TRM_STALL\n",
      "└ @ Ket /Users/noah/.julia/packages/Ket/Qqqjl/src/entanglement.jl:256\n",
      "\u001b[32mProgress:   6%|██▋                                      |  ETA: 6:12:25\u001b[39m\u001b[K┌ Warning: Mosek.MSK_RES_TRM_STALL\n",
      "└ @ Ket /Users/noah/.julia/packages/Ket/Qqqjl/src/entanglement.jl:256\n",
      "\u001b[32mProgress:   7%|██▊                                      |  ETA: 6:10:27\u001b[39m\u001b[K┌ Warning: Mosek.MSK_RES_TRM_STALL\n",
      "└ @ Ket /Users/noah/.julia/packages/Ket/Qqqjl/src/entanglement.jl:256\n",
      "\u001b[32mProgress:   7%|██▉                                      |  ETA: 6:09:31\u001b[39m\u001b[K┌ Warning: Mosek.MSK_RES_TRM_STALL\n",
      "└ @ Ket /Users/noah/.julia/packages/Ket/Qqqjl/src/entanglement.jl:256\n",
      "\u001b[32mProgress:   7%|██▉                                      |  ETA: 6:08:56\u001b[39m\u001b[K┌ Warning: Mosek.MSK_RES_TRM_STALL\n",
      "└ @ Ket /Users/noah/.julia/packages/Ket/Qqqjl/src/entanglement.jl:256\n",
      "\u001b[32mProgress:   7%|███                                      |  ETA: 6:08:40\u001b[39m\u001b[K┌ Warning: Mosek.MSK_RES_TRM_STALL\n",
      "└ @ Ket /Users/noah/.julia/packages/Ket/Qqqjl/src/entanglement.jl:256\n",
      "\u001b[32mProgress:   8%|███▏                                     |  ETA: 6:07:07\u001b[39m\u001b[K┌ Warning: Mosek.MSK_RES_TRM_STALL\n",
      "└ @ Ket /Users/noah/.julia/packages/Ket/Qqqjl/src/entanglement.jl:256\n",
      "\u001b[32mProgress:   8%|███▎                                     |  ETA: 6:04:34\u001b[39m\u001b[K┌ Warning: Mosek.MSK_RES_TRM_STALL\n",
      "└ @ Ket /Users/noah/.julia/packages/Ket/Qqqjl/src/entanglement.jl:256\n",
      "\u001b[32mProgress:   9%|███▌                                     |  ETA: 6:02:11\u001b[39m\u001b[K┌ Warning: Mosek.MSK_RES_TRM_STALL\n",
      "└ @ Ket /Users/noah/.julia/packages/Ket/Qqqjl/src/entanglement.jl:256\n",
      "\u001b[32mProgress:   9%|███▋                                     |  ETA: 6:01:47\u001b[39m\u001b[K┌ Warning: Mosek.MSK_RES_TRM_STALL\n",
      "└ @ Ket /Users/noah/.julia/packages/Ket/Qqqjl/src/entanglement.jl:256\n",
      "\u001b[32mProgress:   9%|███▊                                     |  ETA: 6:00:34\u001b[39m\u001b[K┌ Warning: Mosek.MSK_RES_TRM_STALL\n",
      "└ @ Ket /Users/noah/.julia/packages/Ket/Qqqjl/src/entanglement.jl:256\n",
      "\u001b[32mProgress:  10%|████▏                                    |  ETA: 5:55:48\u001b[39m\u001b[K┌ Warning: Mosek.MSK_RES_TRM_STALL\n",
      "└ @ Ket /Users/noah/.julia/packages/Ket/Qqqjl/src/entanglement.jl:256\n",
      "\u001b[32mProgress:  12%|████▊                                    |  ETA: 5:50:27\u001b[39m\u001b[K┌ Warning: Mosek.MSK_RES_TRM_STALL\n",
      "└ @ Ket /Users/noah/.julia/packages/Ket/Qqqjl/src/entanglement.jl:256\n",
      "\u001b[32mProgress:  12%|████▉                                    |  ETA: 5:49:37\u001b[39m\u001b[K┌ Warning: Mosek.MSK_RES_TRM_STALL\n",
      "└ @ Ket /Users/noah/.julia/packages/Ket/Qqqjl/src/entanglement.jl:256\n",
      "\u001b[32mProgress:  12%|████▉                                    |  ETA: 5:48:49\u001b[39m\u001b[K┌ Warning: Mosek.MSK_RES_TRM_STALL\n",
      "└ @ Ket /Users/noah/.julia/packages/Ket/Qqqjl/src/entanglement.jl:256\n",
      "\u001b[32mProgress:  12%|█████                                    |  ETA: 5:48:13\u001b[39m\u001b[K┌ Warning: Mosek.MSK_RES_TRM_STALL\n",
      "└ @ Ket /Users/noah/.julia/packages/Ket/Qqqjl/src/entanglement.jl:256\n",
      "\u001b[32mProgress:  12%|█████                                    |  ETA: 5:48:05\u001b[39m\u001b[K┌ Warning: Mosek.MSK_RES_TRM_STALL\n",
      "└ @ Ket /Users/noah/.julia/packages/Ket/Qqqjl/src/entanglement.jl:256\n",
      "\u001b[32mProgress:  14%|█████▊                                   |  ETA: 5:40:33\u001b[39m\u001b[K┌ Warning: Mosek.MSK_RES_TRM_STALL\n",
      "└ @ Ket /Users/noah/.julia/packages/Ket/Qqqjl/src/entanglement.jl:256\n",
      "\u001b[32mProgress:  15%|██████                                   |  ETA: 5:38:14\u001b[39m\u001b[K┌ Warning: Mosek.MSK_RES_TRM_STALL\n",
      "└ @ Ket /Users/noah/.julia/packages/Ket/Qqqjl/src/entanglement.jl:256\n",
      "\u001b[32mProgress:  16%|██████▋                                  |  ETA: 5:32:25\u001b[39m\u001b[K┌ Warning: Mosek.MSK_RES_TRM_STALL\n",
      "└ @ Ket /Users/noah/.julia/packages/Ket/Qqqjl/src/entanglement.jl:256\n",
      "\u001b[32mProgress:  17%|███████                                  |  ETA: 5:28:44\u001b[39m\u001b[K┌ Warning: Mosek.MSK_RES_TRM_STALL\n",
      "└ @ Ket /Users/noah/.julia/packages/Ket/Qqqjl/src/entanglement.jl:256\n",
      "\u001b[32mProgress:  17%|███████▏                                 |  ETA: 5:27:58\u001b[39m\u001b[K┌ Warning: Mosek.MSK_RES_TRM_STALL\n",
      "└ @ Ket /Users/noah/.julia/packages/Ket/Qqqjl/src/entanglement.jl:256\n",
      "\u001b[32mProgress:  18%|███████▎                                 |  ETA: 5:26:51\u001b[39m\u001b[K┌ Warning: Mosek.MSK_RES_TRM_STALL\n",
      "└ @ Ket /Users/noah/.julia/packages/Ket/Qqqjl/src/entanglement.jl:256\n",
      "\u001b[32mProgress:  18%|███████▍                                 |  ETA: 5:25:09\u001b[39m\u001b[K┌ Warning: Mosek.MSK_RES_TRM_STALL\n",
      "└ @ Ket /Users/noah/.julia/packages/Ket/Qqqjl/src/entanglement.jl:256\n",
      "\u001b[32mProgress:  20%|████████                                 |  ETA: 5:19:15\u001b[39m\u001b[K┌ Warning: Mosek.MSK_RES_TRM_STALL\n",
      "└ @ Ket /Users/noah/.julia/packages/Ket/Qqqjl/src/entanglement.jl:256\n",
      "\u001b[32mProgress:  20%|████████▏                                |  ETA: 5:18:11\u001b[39m\u001b[K┌ Warning: Mosek.MSK_RES_TRM_STALL\n",
      "└ @ Ket /Users/noah/.julia/packages/Ket/Qqqjl/src/entanglement.jl:256\n",
      "\u001b[32mProgress:  20%|████████▏                                |  ETA: 5:18:02\u001b[39m\u001b[K┌ Warning: Mosek.MSK_RES_TRM_STALL\n",
      "└ @ Ket /Users/noah/.julia/packages/Ket/Qqqjl/src/entanglement.jl:256\n",
      "\u001b[32mProgress:  20%|████████▎                                |  ETA: 5:16:53\u001b[39m\u001b[K┌ Warning: Mosek.MSK_RES_TRM_STALL\n",
      "└ @ Ket /Users/noah/.julia/packages/Ket/Qqqjl/src/entanglement.jl:256\n",
      "\u001b[32mProgress:  20%|████████▎                                |  ETA: 5:16:44\u001b[39m\u001b[K┌ Warning: Mosek.MSK_RES_TRM_STALL\n",
      "└ @ Ket /Users/noah/.julia/packages/Ket/Qqqjl/src/entanglement.jl:256\n",
      "\u001b[32mProgress:  20%|████████▍                                |  ETA: 5:16:15\u001b[39m\u001b[K┌ Warning: Mosek.MSK_RES_TRM_STALL\n",
      "└ @ Ket /Users/noah/.julia/packages/Ket/Qqqjl/src/entanglement.jl:256\n",
      "\u001b[32mProgress:  21%|████████▊                                |  ETA: 5:12:21\u001b[39m\u001b[K┌ Warning: Mosek.MSK_RES_TRM_STALL\n",
      "└ @ Ket /Users/noah/.julia/packages/Ket/Qqqjl/src/entanglement.jl:256\n",
      "\u001b[32mProgress:  21%|████████▊                                |  ETA: 5:12:18\u001b[39m\u001b[K┌ Warning: Mosek.MSK_RES_TRM_STALL\n",
      "└ @ Ket /Users/noah/.julia/packages/Ket/Qqqjl/src/entanglement.jl:256\n",
      "\u001b[32mProgress:  21%|████████▊                                |  ETA: 5:12:15\u001b[39m\u001b[K┌ Warning: Mosek.MSK_RES_TRM_STALL\n",
      "└ @ Ket /Users/noah/.julia/packages/Ket/Qqqjl/src/entanglement.jl:256\n",
      "\u001b[32mProgress:  22%|████████▉                                |  ETA: 5:11:32\u001b[39m\u001b[K┌ Warning: Mosek.MSK_RES_TRM_STALL\n",
      "└ @ Ket /Users/noah/.julia/packages/Ket/Qqqjl/src/entanglement.jl:256\n",
      "\u001b[32mProgress:  22%|█████████                                |  ETA: 5:10:01\u001b[39m\u001b[K┌ Warning: Mosek.MSK_RES_TRM_STALL\n",
      "└ @ Ket /Users/noah/.julia/packages/Ket/Qqqjl/src/entanglement.jl:256\n",
      "\u001b[32mProgress:  23%|█████████▌                               |  ETA: 5:05:10\u001b[39m\u001b[K┌ Warning: Mosek.MSK_RES_TRM_STALL\n",
      "└ @ Ket /Users/noah/.julia/packages/Ket/Qqqjl/src/entanglement.jl:256\n",
      "\u001b[32mProgress:  23%|█████████▌                               |  ETA: 5:04:52\u001b[39m\u001b[K┌ Warning: Mosek.MSK_RES_TRM_STALL\n",
      "└ @ Ket /Users/noah/.julia/packages/Ket/Qqqjl/src/entanglement.jl:256\n",
      "\u001b[32mProgress:  24%|█████████▊                               |  ETA: 5:02:20\u001b[39m\u001b[K┌ Warning: Mosek.MSK_RES_TRM_STALL\n",
      "└ @ Ket /Users/noah/.julia/packages/Ket/Qqqjl/src/entanglement.jl:256\n",
      "\u001b[32mProgress:  24%|█████████▊                               |  ETA: 5:02:18\u001b[39m\u001b[K┌ Warning: Mosek.MSK_RES_TRM_STALL\n",
      "└ @ Ket /Users/noah/.julia/packages/Ket/Qqqjl/src/entanglement.jl:256\n",
      "\u001b[32mProgress:  26%|██████████▋                              |  ETA: 4:53:46\u001b[39m\u001b[K┌ Warning: Mosek.MSK_RES_TRM_STALL\n",
      "└ @ Ket /Users/noah/.julia/packages/Ket/Qqqjl/src/entanglement.jl:256\n",
      "\u001b[32mProgress:  26%|██████████▊                              |  ETA: 4:53:06\u001b[39m\u001b[K┌ Warning: Mosek.MSK_RES_TRM_STALL\n",
      "└ @ Ket /Users/noah/.julia/packages/Ket/Qqqjl/src/entanglement.jl:256\n",
      "\u001b[32mProgress:  27%|██████████▉                              |  ETA: 4:51:54\u001b[39m\u001b[K┌ Warning: Mosek.MSK_RES_TRM_STALL\n",
      "└ @ Ket /Users/noah/.julia/packages/Ket/Qqqjl/src/entanglement.jl:256\n",
      "\u001b[32mProgress:  28%|███████████▎                             |  ETA: 4:48:05\u001b[39m\u001b[K┌ Warning: Mosek.MSK_RES_TRM_STALL\n",
      "└ @ Ket /Users/noah/.julia/packages/Ket/Qqqjl/src/entanglement.jl:256\n",
      "\u001b[32mProgress:  28%|███████████▎                             |  ETA: 4:48:02\u001b[39m\u001b[K┌ Warning: Mosek.MSK_RES_TRM_STALL\n",
      "└ @ Ket /Users/noah/.julia/packages/Ket/Qqqjl/src/entanglement.jl:256\n",
      "\u001b[32mProgress:  28%|███████████▋                             |  ETA: 4:45:10\u001b[39m\u001b[K┌ Warning: Mosek.MSK_RES_TRM_STALL\n",
      "└ @ Ket /Users/noah/.julia/packages/Ket/Qqqjl/src/entanglement.jl:256\n",
      "\u001b[32mProgress:  29%|███████████▉                             |  ETA: 4:42:12\u001b[39m\u001b[K┌ Warning: Mosek.MSK_RES_TRM_STALL\n",
      "└ @ Ket /Users/noah/.julia/packages/Ket/Qqqjl/src/entanglement.jl:256\n",
      "\u001b[32mProgress:  29%|████████████                             |  ETA: 4:41:15\u001b[39m\u001b[K┌ Warning: Mosek.MSK_RES_TRM_STALL\n",
      "└ @ Ket /Users/noah/.julia/packages/Ket/Qqqjl/src/entanglement.jl:256\n",
      "\u001b[32mProgress:  30%|████████████▏                            |  ETA: 4:40:12\u001b[39m\u001b[K┌ Warning: Mosek.MSK_RES_TRM_STALL\n",
      "└ @ Ket /Users/noah/.julia/packages/Ket/Qqqjl/src/entanglement.jl:256\n",
      "\u001b[32mProgress:  30%|████████████▌                            |  ETA: 4:36:58\u001b[39m\u001b[K┌ Warning: Mosek.MSK_RES_TRM_STALL\n",
      "└ @ Ket /Users/noah/.julia/packages/Ket/Qqqjl/src/entanglement.jl:256\n",
      "\u001b[32mProgress:  30%|████████████▌                            |  ETA: 4:36:53\u001b[39m\u001b[K┌ Warning: Mosek.MSK_RES_TRM_STALL\n",
      "└ @ Ket /Users/noah/.julia/packages/Ket/Qqqjl/src/entanglement.jl:256\n",
      "\u001b[32mProgress:  31%|████████████▋                            |  ETA: 4:35:24\u001b[39m\u001b[K┌ Warning: Mosek.MSK_RES_TRM_STALL\n",
      "└ @ Ket /Users/noah/.julia/packages/Ket/Qqqjl/src/entanglement.jl:256\n",
      "\u001b[32mProgress:  31%|████████████▋                            |  ETA: 4:35:16\u001b[39m\u001b[K┌ Warning: Mosek.MSK_RES_TRM_STALL\n",
      "└ @ Ket /Users/noah/.julia/packages/Ket/Qqqjl/src/entanglement.jl:256\n",
      "\u001b[32mProgress:  32%|█████████████                            |  ETA: 4:31:55\u001b[39m\u001b[K┌ Warning: Mosek.MSK_RES_TRM_STALL\n",
      "└ @ Ket /Users/noah/.julia/packages/Ket/Qqqjl/src/entanglement.jl:256\n",
      "\u001b[32mProgress:  32%|█████████████▎                           |  ETA: 4:28:51\u001b[39m\u001b[K┌ Warning: Mosek.MSK_RES_TRM_STALL\n",
      "└ @ Ket /Users/noah/.julia/packages/Ket/Qqqjl/src/entanglement.jl:256\n",
      "\u001b[32mProgress:  33%|█████████████▋                           |  ETA: 4:25:39\u001b[39m\u001b[K┌ Warning: Mosek.MSK_RES_TRM_STALL\n",
      "└ @ Ket /Users/noah/.julia/packages/Ket/Qqqjl/src/entanglement.jl:256\n",
